 -20.00000  1.0000000    0.10000  100.00000   -0.17195   -0.33513    0.04049    0.51308   -0.17159   -0.33542   -0.00036    0.00029     187.05      63.81       0.00       0.00
 -15.00000  1.0000000    0.10000  100.00000   -0.12528   -0.31386    0.03340    0.39917   -0.12499   -0.31408   -0.00029    0.00022     186.62      65.03       0.00       0.00
 -10.00000  1.0000000    0.10000  100.00000   -0.08299   -0.30112    0.02327    0.27561   -0.08277   -0.30129   -0.00022    0.00017     186.36      51.30       0.00       0.00
  -5.00000  1.0000000    0.10000  100.00000   -0.04152   -0.29388    0.01191    0.14127   -0.04137   -0.29402   -0.00014    0.00015     186.56      61.28       0.00       0.00
  -2.50000  1.0000000    0.10000  100.00000   -0.02072   -0.29200    0.00601    0.07095   -0.02061   -0.29213   -0.00010    0.00014     186.69      69.13       0.00       0.00
   0.00000  1.0000000    0.10000  100.00000   -0.00000    0.33248    0.00000   -0.00000   -0.00000    0.33171    0.00000    0.00078     186.41      53.97       0.00       0.00
   2.50000  1.0000000    0.10000  100.00000    0.02070   -0.29151   -0.00601   -0.07100    0.02060   -0.29165    0.00010    0.00014     186.68      68.85       0.00       0.00
   5.00000  1.0000000    0.10000  100.00000    0.04144   -0.29291   -0.01192   -0.14146    0.04129   -0.29306    0.00014    0.00015     186.50      57.48       0.00       0.00
  10.00000  1.0000000    0.10000  100.00000    0.08266   -0.29922   -0.02327   -0.27626    0.08244   -0.29939    0.00023    0.00018     186.40      53.18       0.00       0.00
  15.00000  1.0000000    0.10000  100.00000    0.12454   -0.31108   -0.03340   -0.40036    0.12425   -0.31130    0.00030    0.00022     186.65      67.23       0.00       0.00
  20.00000  1.0000000    0.10000  100.00000    0.17064   -0.33157   -0.04050   -0.51464    0.17029   -0.33185    0.00034    0.00028     187.10      65.11       0.00       0.00
 -20.00000  1.0000000    1.50000  100.00000    0.44491    1.30455    0.05023    0.34105    0.44536    1.30314   -0.00045    0.00140     260.83     210.29       0.00       0.16
 -15.00000  1.0000000    1.50000  100.00000    0.33226    1.37233    0.03599    0.24211    0.33258    1.37103   -0.00032    0.00130     260.23     208.19       0.00       2.94
 -10.00000  1.0000000    1.50000  100.00000    0.21450    1.41818    0.02174    0.15125    0.21472    1.41690   -0.00023    0.00128     260.34     208.22       0.00       2.49
  -5.00000  1.0000000    1.50000  100.00000    0.10262    1.44738    0.00956    0.07090    0.10277    1.44609   -0.00015    0.00128     260.31     208.26       0.00       2.49
  -2.50000  1.0000000    1.50000  100.00000    0.05160    1.45732    0.00481    0.03541    0.05171    1.45602   -0.00010    0.00130     260.26     208.30       0.00       2.60
   0.00000  1.0000000    1.50000  100.00000   -0.00000    1.46073   -0.00000   -0.00000    0.00000    1.45935   -0.00000    0.00138     260.32     208.30       0.00       2.60
   2.50000  1.0000000    1.50000  100.00000   -0.05160    1.45732   -0.00481   -0.03541   -0.05171    1.45602    0.00010    0.00130     260.26     208.31       0.00       2.60
   5.00000  1.0000000    1.50000  100.00000   -0.10262    1.44737   -0.00956   -0.07090   -0.10277    1.44609    0.00015    0.00127     260.32     208.09       0.00       2.49
  10.00000  1.0000000    1.50000  100.00000   -0.21449    1.41818   -0.02175   -0.15125   -0.21472    1.41690    0.00023    0.00128     260.34     208.19       0.00       2.49
  15.00000  1.0000000    1.50000  100.00000   -0.33226    1.37234   -0.03599   -0.24212   -0.33258    1.37103    0.00032    0.00130     260.22     207.84       0.00       2.94
  20.00000  1.0000000    1.50000  100.00000   -0.44494    1.30448   -0.05023   -0.34109   -0.44536    1.30314    0.00042    0.00135     259.06     204.21       0.00      10.87
 -20.00000  1.0000000    2.00000  100.00000    0.47254    1.40375    0.05471    0.33663    0.47290    1.40281   -0.00037    0.00094     313.47     438.06       0.00       0.16
 -15.00000  1.0000000    2.00000  100.00000    0.37643    1.49949    0.04344    0.25104    0.37672    1.49865   -0.00029    0.00084     310.29     420.39       0.00       2.94
 -10.00000  1.0000000    2.00000  100.00000    0.25954    1.56984    0.02965    0.16533    0.25978    1.56905   -0.00023    0.00080     310.60     422.08       0.00       2.49
  -5.00000  1.0000000    2.00000  100.00000    0.13216    1.61289    0.01500    0.08194    0.13230    1.61210   -0.00014    0.00078     310.60     422.14       0.00       2.49
  -2.50000  1.0000000    2.00000  100.00000    0.06637    1.62380    0.00753    0.04087    0.06646    1.62301   -0.00009    0.00079     310.52     421.64       0.00       2.60
   0.00000  1.0000000    2.00000  100.00000   -0.00000    1.62750   -0.00000   -0.00000   -0.00000    1.62666   -0.00000    0.00084     310.52     421.69       0.00       2.60
   2.50000  1.0000000    2.00000  100.00000   -0.06637    1.62380   -0.00753   -0.04087   -0.06646    1.62301    0.00009    0.00079     310.52     421.64       0.00       2.60
   5.00000  1.0000000    2.00000  100.00000   -0.13216    1.61288   -0.01500   -0.08194   -0.13230    1.61211    0.00014    0.00078     310.60     422.14       0.00       2.49
  10.00000  1.0000000    2.00000  100.00000   -0.25954    1.56984   -0.02966   -0.16533   -0.25978    1.56905    0.00024    0.00080     310.60     422.08       0.00       2.49
  15.00000  1.0000000    2.00000  100.00000   -0.37643    1.49949   -0.04344   -0.25104   -0.37672    1.49865    0.00029    0.00084     310.29     420.39       0.00       2.94
  20.00000  1.0000000    2.00000  100.00000   -0.47256    1.40370   -0.05471   -0.33665   -0.47290    1.40281    0.00034    0.00089     306.77     401.65       0.00      10.87
 -20.00000  1.0000000    2.50000  100.00000    0.45870    1.41700    0.05390    0.32371    0.45913    1.41612   -0.00043    0.00088     370.61     856.06       0.00       0.16
 -15.00000  1.0000000    2.50000  100.00000    0.36488    1.51498    0.04243    0.24085    0.36520    1.51422   -0.00032    0.00076     364.63     801.67       0.00       2.94
 -10.00000  1.0000000    2.50000  100.00000    0.25220    1.58751    0.02898    0.15887    0.25244    1.58680   -0.00023    0.00071     365.20     806.87       0.00       2.49
  -5.00000  1.0000000    2.50000  100.00000    0.12868    1.63215    0.01468    0.07884    0.12882    1.63146   -0.00014    0.00069     365.21     806.83       0.00       2.49
  -2.50000  1.0000000    2.50000  100.00000    0.06466    1.64347    0.00737    0.03934    0.06474    1.64277   -0.00008    0.00070     365.06     805.51       0.00       2.60
   0.00000  1.0000000    2.50000  100.00000   -0.00000    1.64732   -0.00000   -0.00000   -0.00000    1.64657   -0.00000    0.00075     365.05     805.41       0.00       2.60
   2.50000  1.0000000    2.50000  100.00000   -0.06466    1.64348   -0.00737   -0.03934   -0.06474    1.64278    0.00008    0.00070     365.06     805.51       0.00       2.60
   5.00000  1.0000000    2.50000  100.00000   -0.12868    1.63215   -0.01468   -0.07884   -0.12882    1.63146    0.00014    0.00069     365.21     806.83       0.00       2.49
  10.00000  1.0000000    2.50000  100.00000   -0.25220    1.58751   -0.02898   -0.15887   -0.25244    1.58680    0.00023    0.00071     365.20     806.87       0.00       2.49
  15.00000  1.0000000    2.50000  100.00000   -0.36488    1.51498   -0.04243   -0.24085   -0.36520    1.51422    0.00032    0.00076     364.63     801.67       0.00       2.94
  20.00000  1.0000000    2.50000  100.00000   -0.45872    1.41695   -0.05390   -0.32374   -0.45913    1.41612    0.00041    0.00084     358.31     747.54       0.00      10.87
 -20.00000  1.0000000    3.00000  100.00000    0.45124    1.42066    0.05370    0.31763    0.45165    1.41989   -0.00041    0.00076     439.75    1696.46       0.00       0.16
 -15.00000  1.0000000    3.00000  100.00000    0.35877    1.51994    0.04208    0.23604    0.35908    1.51928   -0.00030    0.00066     433.08    1595.49       0.00       2.94
 -10.00000  1.0000000    3.00000  100.00000    0.24835    1.59373    0.02876    0.15583    0.24857    1.59311   -0.00022    0.00062     434.00    1609.31       0.00       2.49
  -5.00000  1.0000000    3.00000  100.00000    0.12688    1.63927    0.01458    0.07740    0.12701    1.63866   -0.00013    0.00060     433.74    1605.36       0.00       2.49
  -2.50000  1.0000000    3.00000  100.00000    0.06377    1.65081    0.00732    0.03863    0.06385    1.65021   -0.00008    0.00060     433.39    1600.24       0.00       2.60
   0.00000  1.0000000    3.00000  100.00000   -0.00000    1.65473   -0.00000   -0.00000   -0.00000    1.65408   -0.00000    0.00064     433.90    1607.68       0.00       2.60
   2.50000  1.0000000    3.00000  100.00000   -0.06377    1.65081   -0.00732   -0.03863   -0.06385    1.65021    0.00008    0.00060     433.40    1600.30       0.00       2.60
   5.00000  1.0000000    3.00000  100.00000   -0.12689    1.63926   -0.01458   -0.07740   -0.12701    1.63866    0.00012    0.00060     433.81    1606.22       0.00       2.49
  10.00000  1.0000000    3.00000  100.00000   -0.24835    1.59372   -0.02876   -0.15583   -0.24857    1.59310    0.00022    0.00062     433.96    1608.63       0.00       2.49
  15.00000  1.0000000    3.00000  100.00000   -0.35877    1.51994   -0.04208   -0.23604   -0.35908    1.51928    0.00030    0.00066     433.04    1595.04       0.00       2.94
  20.00000  1.0000000    3.00000  100.00000   -0.45126    1.42063   -0.05370   -0.31765   -0.45165    1.41989    0.00040    0.00073     424.79    1476.89       0.00      10.87
 -20.00000  1.0000000    3.50000  100.00000    0.44709    1.42243    0.05374    0.31431    0.44755    1.42170   -0.00046    0.00074     516.75    3234.13       0.00       0.16
 -15.00000  1.0000000    3.50000  100.00000    0.35539    1.52260    0.04199    0.23341    0.35577    1.52197   -0.00037    0.00063     500.30    2841.57       0.00       2.94
 -10.00000  1.0000000    3.50000  100.00000    0.24622    1.59723    0.02869    0.15416    0.24652    1.59665   -0.00030    0.00058     501.79    2875.58       0.00       2.49
  -5.00000  1.0000000    3.50000  100.00000    0.12589    1.64336    0.01455    0.07661    0.12607    1.64281   -0.00017    0.00055     501.81    2876.07       0.00       2.49
  -2.50000  1.0000000    3.50000  100.00000    0.06329    1.65507    0.00730    0.03824    0.06338    1.65452   -0.00010    0.00054     501.42    2867.23       0.00       2.60
   0.00000  1.0000000    3.50000  100.00000   -0.00000    1.65902   -0.00000   -0.00000   -0.00000    1.65845   -0.00000    0.00058     501.39    2866.44       0.00       2.60
   2.50000  1.0000000    3.50000  100.00000   -0.06329    1.65507   -0.00730   -0.03824   -0.06339    1.65453    0.00010    0.00054     501.42    2867.23       0.00       2.60
   5.00000  1.0000000    3.50000  100.00000   -0.12589    1.64336   -0.01455   -0.07661   -0.12607    1.64281    0.00017    0.00055     501.81    2876.07       0.00       2.49
  10.00000  1.0000000    3.50000  100.00000   -0.24622    1.59723   -0.02869   -0.15416   -0.24652    1.59665    0.00030    0.00058     501.79    2875.58       0.00       2.49
  15.00000  1.0000000    3.50000  100.00000   -0.35540    1.52260   -0.04199   -0.23341   -0.35577    1.52197    0.00037    0.00063     500.30    2841.57       0.00       2.94
  20.00000  1.0000000    3.50000  100.00000   -0.44711    1.42240   -0.05374   -0.31434   -0.44755    1.42170    0.00044    0.00070     482.26    2453.28       0.00      10.87
 -20.00000  1.0000000    4.00000  100.00000    0.44549    1.42636    0.05395    0.31233    0.44603    1.42559   -0.00054    0.00077     592.20    5578.52       0.00       0.16
 -15.00000  1.0000000    4.00000  100.00000    0.35416    1.52736    0.04211    0.23188    0.35457    1.52673   -0.00041    0.00064     565.77    4647.48       0.00       2.94
 -10.00000  1.0000000    4.00000  100.00000    0.24557    1.60276    0.02878    0.15322    0.24586    1.60219   -0.00029    0.00057     568.07    4723.23       0.00       2.49
  -5.00000  1.0000000    4.00000  100.00000    0.12564    1.64941    0.01460    0.07617    0.12580    1.64888   -0.00016    0.00053     568.10    4724.37       0.00       2.49
  -2.50000  1.0000000    4.00000  100.00000    0.06317    1.66125    0.00733    0.03802    0.06326    1.66073   -0.00009    0.00052     567.50    4704.38       0.00       2.60
   0.00000  1.0000000    4.00000  100.00000   -0.00000    1.66524   -0.00000   -0.00000   -0.00000    1.66469   -0.00000    0.00055     567.46    4702.86       0.00       2.60
   2.50000  1.0000000    4.00000  100.00000   -0.06317    1.66125   -0.00733   -0.03802   -0.06326    1.66073    0.00009    0.00052     567.50    4704.38       0.00       2.60
   5.00000  1.0000000    4.00000  100.00000   -0.12564    1.64940   -0.01460   -0.07617   -0.12580    1.64888    0.00016    0.00053     568.10    4724.37       0.00       2.49
  10.00000  1.0000000    4.00000  100.00000   -0.24557    1.60276   -0.02879   -0.15322   -0.24586    1.60219    0.00030    0.00057     568.07    4723.23       0.00       2.49
  15.00000  1.0000000    4.00000  100.00000   -0.35416    1.52736   -0.04211   -0.23188   -0.35457    1.52673    0.00041    0.00064     565.77    4647.48       0.00       2.94
  20.00000  1.0000000    4.00000  100.00000   -0.44552    1.42633   -0.05395   -0.31236   -0.44603    1.42559    0.00051    0.00073     542.79    3937.04       0.00      10.87
 -20.00000  1.0000000    5.00000  100.00000    0.44409    1.42822    0.05452    0.31094    0.44456    1.42756   -0.00048    0.00067     765.66   15588.19       0.00       0.16
 -15.00000  1.0000000    5.00000  100.00000    0.35318    1.53038    0.04250    0.23078    0.35354    1.52983   -0.00036    0.00056     716.70   11967.42       0.00       2.94
 -10.00000  1.0000000    5.00000  100.00000    0.24512    1.60683    0.02906    0.15255    0.24538    1.60633   -0.00026    0.00050     720.51   12224.57       0.00       2.49
  -5.00000  1.0000000    5.00000  100.00000    0.12550    1.65418    0.01475    0.07587    0.12564    1.65371   -0.00014    0.00047     719.87   12180.77       0.00       2.49
  -2.50000  1.0000000    5.00000  100.00000    0.06311    1.66620    0.00740    0.03788    0.06319    1.66574   -0.00008    0.00046     718.42   12083.19       0.00       2.60
   0.00000  1.0000000    5.00000  100.00000   -0.00000    1.67026   -0.00000   -0.00000   -0.00000    1.66977   -0.00000    0.00049     720.75   12240.31       0.00       2.60
   2.50000  1.0000000    5.00000  100.00000   -0.06311    1.66620   -0.00740   -0.03788   -0.06319    1.66574    0.00008    0.00046     718.42   12083.11       0.00       2.60
   5.00000  1.0000000    5.00000  100.00000   -0.12550    1.65418   -0.01475   -0.07587   -0.12564    1.65371    0.00014    0.00047     719.81   12176.56       0.00       2.49
  10.00000  1.0000000    5.00000  100.00000   -0.24512    1.60683   -0.02906   -0.15255   -0.24538    1.60633    0.00026    0.00050     720.55   12227.10       0.00       2.49
  15.00000  1.0000000    5.00000  100.00000   -0.35318    1.53039   -0.04250   -0.23078   -0.35355    1.52983    0.00037    0.00056     716.67   11966.06       0.00       2.94
  20.00000  1.0000000    5.00000  100.00000   -0.44410    1.42820   -0.05452   -0.31095   -0.44457    1.42756    0.00046    0.00064     679.35    9661.26       0.00      10.87
 -20.00000  1.0000000    7.50000  100.00000    0.44354    1.43255    0.05521    0.30962    0.44408    1.43190   -0.00054    0.00064    1240.88  107537.32       0.00       0.16
 -15.00000  1.0000000    7.50000  100.00000    0.35291    1.53607    0.04299    0.22975    0.35333    1.53554   -0.00042    0.00053    1068.22   59059.85       0.00       2.94
 -10.00000  1.0000000    7.50000  100.00000    0.24517    1.61372    0.02941    0.15193    0.24546    1.61326   -0.00029    0.00046    1077.28   61088.20       0.00       2.49
  -5.00000  1.0000000    7.50000  100.00000    0.12561    1.66180    0.01493    0.07558    0.12576    1.66138   -0.00015    0.00042    1076.72   60961.20       0.00       2.49
  -2.50000  1.0000000    7.50000  100.00000    0.06318    1.67402    0.00749    0.03774    0.06326    1.67360   -0.00008    0.00041    1073.51   60238.11       0.00       2.60
   0.00000  1.0000000    7.50000  100.00000   -0.00000    1.67812   -0.00000   -0.00000   -0.00000    1.67769   -0.00000    0.00043    1077.90   61229.16       0.00       2.60
   2.50000  1.0000000    7.50000  100.00000   -0.06318    1.67401   -0.00749   -0.03774   -0.06326    1.67360    0.00008    0.00041    1073.49   60233.48       0.00       2.60
   5.00000  1.0000000    7.50000  100.00000   -0.12561    1.66180   -0.01493   -0.07558   -0.12576    1.66138    0.00015    0.00042    1076.23   60850.16       0.00       2.49
  10.00000  1.0000000    7.50000  100.00000   -0.24517    1.61371   -0.02941   -0.15193   -0.24546    1.61326    0.00029    0.00046    1077.59   61158.81       0.00       2.49
  15.00000  1.0000000    7.50000  100.00000   -0.35291    1.53607   -0.04299   -0.22975   -0.35333    1.53554    0.00042    0.00053    1068.31   59079.19       0.00       2.94
  20.00000  1.0000000    7.50000  100.00000   -0.44356    1.43252   -0.05521   -0.30963   -0.44408    1.43190    0.00052    0.00062     976.27   41203.39       0.00      10.87
 -20.00000  1.0000000   10.00000  100.00000    0.44492    1.43975    0.05563    0.30903    0.44563    1.43899   -0.00071    0.00076    1675.85  357753.25       0.00       0.16
 -15.00000  1.0000000   10.00000  100.00000    0.35406    1.54412    0.04330    0.22930    0.35462    1.54351   -0.00056    0.00061    1323.15  139020.80       0.00       2.94
 -10.00000  1.0000000   10.00000  100.00000    0.24605    1.62246    0.02962    0.15165    0.24644    1.62195   -0.00039    0.00051    1342.83  147476.91       0.00       2.49
  -5.00000  1.0000000   10.00000  100.00000    0.12609    1.67102    0.01504    0.07546    0.12629    1.67057   -0.00020    0.00045    1343.14  147611.98       0.00       2.49
  -2.50000  1.0000000   10.00000  100.00000    0.06343    1.68335    0.00755    0.03768    0.06354    1.68292   -0.00011    0.00044    1337.86  145305.83       0.00       2.60
   0.00000  1.0000000   10.00000  100.00000   -0.00001    1.68748   -0.00000   -0.00000   -0.00000    1.68704   -0.00001    0.00044    1337.48  145140.48       0.00       2.60
   2.50000  1.0000000   10.00000  100.00000   -0.06343    1.68335   -0.00755   -0.03768   -0.06354    1.68291    0.00011    0.00044    1337.86  145305.83       0.00       2.60
   5.00000  1.0000000   10.00000  100.00000   -0.12609    1.67102   -0.01504   -0.07546   -0.12629    1.67057    0.00020    0.00045    1343.14  147611.98       0.00       2.49
  10.00000  1.0000000   10.00000  100.00000   -0.24605    1.62246   -0.02962   -0.15165   -0.24644    1.62195    0.00039    0.00051    1342.83  147476.91       0.00       2.49
  15.00000  1.0000000   10.00000  100.00000   -0.35406    1.54412   -0.04330   -0.22930   -0.35462    1.54351    0.00056    0.00061    1323.15  139020.80       0.00       2.94
  20.00000  1.0000000   10.00000  100.00000   -0.44495    1.43971   -0.05564   -0.30906   -0.44563    1.43898    0.00068    0.00073    1168.93   84684.23       0.00      10.87
 -20.00000  1.0000000   12.50000  100.00000    0.44749    1.44911    0.05608    0.30881    0.44823    1.44835   -0.00074    0.00076    2048.18  798202.00       0.00       0.16
 -15.00000  1.0000000   12.50000  100.00000    0.35612    1.55433    0.04364    0.22911    0.35671    1.55372   -0.00059    0.00062    1557.96  267222.12       0.00       2.94
 -10.00000  1.0000000   12.50000  100.00000    0.24751    1.63336    0.02985    0.15153    0.24793    1.63284   -0.00042    0.00052    1584.05  285574.47       0.00       2.49
  -5.00000  1.0000000   12.50000  100.00000    0.12686    1.68236    0.01516    0.07540    0.12708    1.68191   -0.00022    0.00045    1584.46  285868.03       0.00       2.49
  -2.50000  1.0000000   12.50000  100.00000    0.06382    1.69480    0.00761    0.03765    0.06393    1.69437   -0.00011    0.00043    1577.45  280841.72       0.00       2.60
   0.00000  1.0000000   12.50000  100.00000    0.00000    1.69895    0.00000    0.00000   -0.00000    1.69853    0.00000    0.00043    1576.95  280485.56       0.00       2.60
   2.50000  1.0000000   12.50000  100.00000   -0.06382    1.69480   -0.00761   -0.03765   -0.06393    1.69437    0.00011    0.00043    1577.45  280841.72       0.00       2.60
   5.00000  1.0000000   12.50000  100.00000   -0.12686    1.68236   -0.01516   -0.07540   -0.12708    1.68191    0.00022    0.00045    1584.46  285868.03       0.00       2.49
  10.00000  1.0000000   12.50000  100.00000   -0.24751    1.63336   -0.02985   -0.15153   -0.24793    1.63284    0.00042    0.00052    1584.05  285574.47       0.00       2.49
  15.00000  1.0000000   12.50000  100.00000   -0.35612    1.55433   -0.04364   -0.22912   -0.35671    1.55371    0.00059    0.00062    1557.96  267222.12       0.00       2.94
  20.00000  1.0000000   12.50000  100.00000   -0.44752    1.44908   -0.05608   -0.30883   -0.44823    1.44835    0.00071    0.00073    1358.88  154658.08       0.00      10.87
 -20.00000  1.0000000   15.00000  100.00000    0.44963    1.45631    0.05642    0.30875    0.45031    1.45560   -0.00068    0.00070    2336.52 1351835.25       0.00       0.16
 -15.00000  1.0000000   15.00000  100.00000    0.35785    1.56215    0.04391    0.22908    0.35839    1.56159   -0.00053    0.00056    1771.85  447053.50       0.00       2.94
 -10.00000  1.0000000   15.00000  100.00000    0.24874    1.64164    0.03004    0.15152    0.24911    1.64118   -0.00037    0.00047    1799.07  475159.03       0.00       2.49
  -5.00000  1.0000000   15.00000  100.00000    0.12750    1.69096    0.01525    0.07540    0.12769    1.69056   -0.00019    0.00041    1799.57  475688.00       0.00       2.49
  -2.50000  1.0000000   15.00000  100.00000    0.06414    1.70346    0.00766    0.03765    0.06424    1.70306   -0.00010    0.00039    1790.96  466639.75       0.00       2.60
   0.00000  1.0000000   15.00000  100.00000   -0.00000    1.70764   -0.00000   -0.00000   -0.00000    1.70725   -0.00000    0.00039    1790.34  465999.41       0.00       2.60
   2.50000  1.0000000   15.00000  100.00000   -0.06414    1.70346   -0.00766   -0.03765   -0.06424    1.70306    0.00010    0.00039    1790.96  466639.75       0.00       2.60
   5.00000  1.0000000   15.00000  100.00000   -0.12750    1.69096   -0.01525   -0.07540   -0.12769    1.69055    0.00019    0.00041    1799.57  475688.00       0.00       2.49
  10.00000  1.0000000   15.00000  100.00000   -0.24874    1.64164   -0.03004   -0.15152   -0.24911    1.64118    0.00037    0.00047    1799.07  475159.03       0.00       2.49
  15.00000  1.0000000   15.00000  100.00000   -0.35785    1.56215   -0.04391   -0.22908   -0.35839    1.56159    0.00053    0.00056    1773.31  448527.84       0.00       2.94
  20.00000  1.0000000   15.00000  100.00000   -0.44965    1.45628   -0.05642   -0.30877   -0.45031    1.45560    0.00066    0.00068    1564.81  271951.44       0.00      10.87
 -20.00000  1.0000000   17.50000  100.00000    0.45070    1.46052    0.05658    0.30859    0.45150    1.45974   -0.00079    0.00078    2581.87 2015480.12       0.00       0.16
 -15.00000  1.0000000   17.50000  100.00000    0.35872    1.56671    0.04403    0.22896    0.35934    1.56610   -0.00062    0.00061    1961.45  671359.12       0.00       2.94
 -10.00000  1.0000000   17.50000  100.00000    0.24935    1.64646    0.03012    0.15145    0.24978    1.64596   -0.00043    0.00050    1998.94  724174.62       0.00       2.49
  -5.00000  1.0000000   17.50000  100.00000    0.12782    1.69594    0.01529    0.07537    0.12804    1.69551   -0.00022    0.00043    1999.53  725021.19       0.00       2.49
  -2.50000  1.0000000   17.50000  100.00000    0.06430    1.70851    0.00768    0.03764    0.06442    1.70809   -0.00011    0.00042    1989.42  710478.88       0.00       2.60
   0.00000  1.0000000   17.50000  100.00000   -0.00000    1.71271   -0.00000   -0.00000   -0.00000    1.71230   -0.00000    0.00041    1988.71  709462.56       0.00       2.60
   2.50000  1.0000000   17.50000  100.00000   -0.06430    1.70851   -0.00768   -0.03764   -0.06442    1.70809    0.00011    0.00042    1989.42  710478.88       0.00       2.60
   5.00000  1.0000000   17.50000  100.00000   -0.12782    1.69594   -0.01529   -0.07537   -0.12804    1.69551    0.00022    0.00043    1999.53  725021.19       0.00       2.49
  10.00000  1.0000000   17.50000  100.00000   -0.24935    1.64645   -0.03012   -0.15145   -0.24978    1.64595    0.00043    0.00050    1998.94  724174.62       0.00       2.49
  15.00000  1.0000000   17.50000  100.00000   -0.35872    1.56671   -0.04403   -0.22897   -0.35934    1.56609    0.00062    0.00061    1961.45  671359.12       0.00       2.94
  20.00000  1.0000000   17.50000  100.00000   -0.45074    1.46049   -0.05659   -0.30862   -0.45150    1.45974    0.00076    0.00075    1681.73  362800.06       0.00      10.87
 -20.00000  1.0000000   20.00000  100.00000    0.45135    1.46242    0.05670    0.30863    0.45205    1.46173   -0.00070    0.00069    2773.99 2685734.25       0.00       0.16
 -15.00000  1.0000000   20.00000  100.00000    0.35924    1.56881    0.04412    0.22899    0.35978    1.56826   -0.00054    0.00054    2132.49  937971.19       0.00       2.94
 -10.00000  1.0000000   20.00000  100.00000    0.24972    1.64868    0.03018    0.15146    0.25009    1.64824   -0.00038    0.00045    2170.80 1007222.88       0.00       2.49
  -5.00000  1.0000000   20.00000  100.00000    0.12800    1.69823    0.01533    0.07537    0.12820    1.69784   -0.00019    0.00039    2171.41 1008344.44       0.00       2.49
  -2.50000  1.0000000   20.00000  100.00000    0.06440    1.71081    0.00769    0.03764    0.06450    1.71044   -0.00010    0.00038    2161.10  989331.50       0.00       2.60
   0.00000  1.0000000   20.00000  100.00000   -0.00001    1.71504   -0.00000   -0.00000   -0.00000    1.71465   -0.00001    0.00038    2160.35  987959.38       0.00       2.60
   2.50000  1.0000000   20.00000  100.00000   -0.06440    1.71081   -0.00769   -0.03764   -0.06450    1.71044    0.00010    0.00038    2161.10  989331.50       0.00       2.60
   5.00000  1.0000000   20.00000  100.00000   -0.12800    1.69823   -0.01533   -0.07537   -0.12820    1.69784    0.00019    0.00039    2171.41 1008344.44       0.00       2.49
  10.00000  1.0000000   20.00000  100.00000   -0.24972    1.64869   -0.03018   -0.15146   -0.25010    1.64824    0.00038    0.00045    2170.80 1007222.88       0.00       2.49
  15.00000  1.0000000   20.00000  100.00000   -0.35924    1.56881   -0.04412   -0.22899   -0.35978    1.56826    0.00054    0.00054    2132.49  937971.19       0.00       2.94
  20.00000  1.0000000   20.00000  100.00000   -0.45137    1.46239   -0.05670   -0.30865   -0.45205    1.46173    0.00068    0.00066    1877.16  563192.25       0.00      10.87
 -20.00000  1.0000000   22.50000  100.00000    0.45144    1.46326    0.05672    0.30852    0.45224    1.46250   -0.00080    0.00077    2964.27 3501979.75       0.00       0.16
 -15.00000  1.0000000   22.50000  100.00000    0.35931    1.56971    0.04413    0.22890    0.35994    1.56910   -0.00063    0.00060    2295.52 1259405.50       0.00       2.94
 -10.00000  1.0000000   22.50000  100.00000    0.24977    1.64963    0.03019    0.15141    0.25021    1.64914   -0.00044    0.00049    2338.39 1356149.00       0.00       2.49
  -5.00000  1.0000000   22.50000  100.00000    0.12803    1.69922    0.01533    0.07535    0.12826    1.69880   -0.00022    0.00042    2339.07 1357731.88       0.00       2.49
  -2.50000  1.0000000   22.50000  100.00000    0.06441    1.71182    0.00770    0.03763    0.06453    1.71141   -0.00011    0.00041    2327.53 1331137.12       0.00       2.60
   0.00000  1.0000000   22.50000  100.00000   -0.00000    1.71606   -0.00000   -0.00000   -0.00000    1.71564   -0.00000    0.00042    2326.67 1329180.12       0.00       2.60
   2.50000  1.0000000   22.50000  100.00000   -0.06441    1.71182   -0.00770   -0.03763   -0.06453    1.71142    0.00011    0.00041    2327.53 1331137.12       0.00       2.60
   5.00000  1.0000000   22.50000  100.00000   -0.12803    1.69921   -0.01533   -0.07535   -0.12826    1.69879    0.00022    0.00042    2339.07 1357731.88       0.00       2.49
  10.00000  1.0000000   22.50000  100.00000   -0.24977    1.64963   -0.03019   -0.15141   -0.25021    1.64914    0.00044    0.00049    2338.39 1356149.00       0.00       2.49
  15.00000  1.0000000   22.50000  100.00000   -0.35931    1.56971   -0.04413   -0.22890   -0.35994    1.56911    0.00063    0.00060    2295.52 1259405.50       0.00       2.94
  20.00000  1.0000000   22.50000  100.00000   -0.45146    1.46323   -0.05672   -0.30854   -0.45224    1.46249    0.00078    0.00074    1988.48  709145.38       0.00      10.87
 -20.00000  1.0000000   25.00000  100.00000    0.45100    1.46224    0.05666    0.30843    0.45188    1.46142   -0.00088    0.00082    3126.71 4335063.00       0.00       0.16
 -15.00000  1.0000000   25.00000  100.00000    0.35896    1.56862    0.04409    0.22884    0.35965    1.56797   -0.00069    0.00064    2452.34 1640447.00       0.00       2.94
 -10.00000  1.0000000   25.00000  100.00000    0.24953    1.64846    0.03016    0.15137    0.25001    1.64795   -0.00048    0.00052    2499.54 1770448.50       0.00       2.49
  -5.00000  1.0000000   25.00000  100.00000    0.12791    1.69801    0.01532    0.07533    0.12816    1.69756   -0.00025    0.00044    2500.23 1772402.00       0.00       2.49
  -2.50000  1.0000000   25.00000  100.00000    0.06435    1.71058    0.00769    0.03762    0.06448    1.71016   -0.00013    0.00043    2487.59 1736833.88       0.00       2.60
   0.00000  1.0000000   25.00000  100.00000   -0.00000    1.71482   -0.00000   -0.00000   -0.00000    1.71437   -0.00000    0.00045    2486.62 1734131.12       0.00       2.60
   2.50000  1.0000000   25.00000  100.00000   -0.06435    1.71058   -0.00769   -0.03762   -0.06448    1.71016    0.00013    0.00043    2487.59 1736833.88       0.00       2.60
   5.00000  1.0000000   25.00000  100.00000   -0.12791    1.69800   -0.01532   -0.07533   -0.12816    1.69756    0.00025    0.00044    2500.23 1772402.00       0.00       2.49
  10.00000  1.0000000   25.00000  100.00000   -0.24953    1.64846   -0.03016   -0.15137   -0.25001    1.64795    0.00048    0.00052    2499.54 1770448.50       0.00       2.49
  15.00000  1.0000000   25.00000  100.00000   -0.35896    1.56862   -0.04409   -0.22884   -0.35965    1.56798    0.00069    0.00064    2452.34 1640447.00       0.00       2.94
  20.00000  1.0000000   25.00000  100.00000   -0.45103    1.46221   -0.05667   -0.30846   -0.45188    1.46142    0.00085    0.00079    2100.34  882676.19       0.00      10.87
 -20.00000  1.0000000   27.50000  100.00000    0.44934    1.45727    0.05645    0.30834    0.45030    1.45639   -0.00096    0.00089    3307.05 5425062.00       0.00       0.16
 -15.00000  1.0000000   27.50000  100.00000    0.35764    1.56327    0.04392    0.22877    0.35840    1.56258   -0.00076    0.00070    2601.93 2078872.38       0.00       2.94
 -10.00000  1.0000000   27.50000  100.00000    0.24862    1.64293    0.03005    0.15133    0.24915    1.64237   -0.00053    0.00056    2641.09 2206849.50       0.00       2.49
  -5.00000  1.0000000   27.50000  100.00000    0.12745    1.69235    0.01526    0.07531    0.12772    1.69187   -0.00027    0.00048    2641.73 2208998.00       0.00       2.49
  -2.50000  1.0000000   27.50000  100.00000    0.06412    1.70491    0.00766    0.03761    0.06426    1.70444   -0.00014    0.00047    2631.23 2174102.75       0.00       2.60
   0.00000  1.0000000   27.50000  100.00000   -0.00000    1.70914   -0.00000   -0.00000   -0.00000    1.70864   -0.00000    0.00050    2630.39 2171311.75       0.00       2.60
   2.50000  1.0000000   27.50000  100.00000   -0.06412    1.70490   -0.00766   -0.03761   -0.06426    1.70444    0.00014    0.00047    2631.23 2174102.75       0.00       2.60
   5.00000  1.0000000   27.50000  100.00000   -0.12745    1.69235   -0.01526   -0.07531   -0.12772    1.69187    0.00027    0.00048    2641.73 2208998.00       0.00       2.49
  10.00000  1.0000000   27.50000  100.00000   -0.24863    1.64293   -0.03005   -0.15133   -0.24916    1.64237    0.00053    0.00056    2641.09 2206849.50       0.00       2.49
  15.00000  1.0000000   27.50000  100.00000   -0.35764    1.56327   -0.04392   -0.22877   -0.35840    1.56258    0.00076    0.00070    2601.93 2078872.38       0.00       2.94
  20.00000  1.0000000   27.50000  100.00000   -0.44937    1.45724   -0.05646   -0.30837   -0.45030    1.45638    0.00093    0.00085    2251.45 1165454.50       0.00      10.87
 -20.00000  1.0000000   30.00000  100.00000    0.44837    1.45467    0.05633    0.30823    0.44945    1.45369   -0.00108    0.00098    3491.17 6737891.50       0.00       0.16
 -15.00000  1.0000000   30.00000  100.00000    0.35689    1.56046    0.04383    0.22870    0.35772    1.55971   -0.00084    0.00076    2739.82 2555837.25       0.00       2.94
 -10.00000  1.0000000   30.00000  100.00000    0.24808    1.63989    0.02998    0.15128    0.24867    1.63927   -0.00059    0.00061    2781.90 2716507.25       0.00       2.49
  -5.00000  1.0000000   30.00000  100.00000    0.12716    1.68917    0.01522    0.07528    0.12747    1.68863   -0.00031    0.00053    2782.59 2719175.50       0.00       2.49
  -2.50000  1.0000000   30.00000  100.00000    0.06397    1.70170    0.00764    0.03759    0.06413    1.70118   -0.00016    0.00052    2771.30 2675319.00       0.00       2.60
   0.00000  1.0000000   30.00000  100.00000   -0.00000    1.70593   -0.00000   -0.00000   -0.00000    1.70537   -0.00000    0.00056    2770.41 2671904.50       0.00       2.60
   2.50000  1.0000000   30.00000  100.00000   -0.06397    1.70170   -0.00764   -0.03759   -0.06413    1.70118    0.00016    0.00052    2771.30 2675319.00       0.00       2.60
   5.00000  1.0000000   30.00000  100.00000   -0.12716    1.68916   -0.01522   -0.07528   -0.12747    1.68863    0.00031    0.00053    2782.59 2719175.50       0.00       2.49
  10.00000  1.0000000   30.00000  100.00000   -0.24808    1.63989   -0.02998   -0.15128   -0.24867    1.63927    0.00059    0.00062    2781.90 2716507.25       0.00       2.49
  15.00000  1.0000000   30.00000  100.00000   -0.35689    1.56046   -0.04383   -0.22870   -0.35772    1.55971    0.00084    0.00076    2739.82 2555837.25       0.00       2.94
  20.00000  1.0000000   30.00000  100.00000   -0.44842    1.45463   -0.05633   -0.30827   -0.44945    1.45369    0.00103    0.00093    2392.20 1485350.38       0.00      10.87
 -20.00000  1.0000000   32.50000  100.00000    0.44892    1.45649    0.05640    0.30822    0.45000    1.45551   -0.00108    0.00098    3647.00 8023870.50       0.00       0.16
 -15.00000  1.0000000   32.50000  100.00000    0.35732    1.56241    0.04388    0.22870    0.35816    1.56166   -0.00084    0.00076    2853.92 3008896.75       0.00       2.94
 -10.00000  1.0000000   32.50000  100.00000    0.24840    1.64199    0.03002    0.15128    0.24899    1.64137   -0.00058    0.00061    2898.46 3201192.00       0.00       2.49
  -5.00000  1.0000000   32.50000  100.00000    0.12734    1.69138    0.01524    0.07529    0.12764    1.69085   -0.00030    0.00053    2899.19 3204405.75       0.00       2.49
  -2.50000  1.0000000   32.50000  100.00000    0.06406    1.70394    0.00765    0.03760    0.06422    1.70342   -0.00015    0.00052    2887.24 3151898.25       0.00       2.60
   0.00000  1.0000000   32.50000  100.00000   -0.00000    1.70818   -0.00000   -0.00000   -0.00000    1.70762   -0.00000    0.00057    2886.29 3147758.50       0.00       2.60
   2.50000  1.0000000   32.50000  100.00000   -0.06406    1.70394   -0.00765   -0.03760   -0.06422    1.70342    0.00015    0.00052    2887.24 3151898.25       0.00       2.60
   5.00000  1.0000000   32.50000  100.00000   -0.12734    1.69138   -0.01524   -0.07529   -0.12764    1.69085    0.00030    0.00053    2899.19 3204405.75       0.00       2.49
  10.00000  1.0000000   32.50000  100.00000   -0.24840    1.64199   -0.03002   -0.15128   -0.24899    1.64137    0.00058    0.00061    2898.46 3201192.00       0.00       2.49
  15.00000  1.0000000   32.50000  100.00000   -0.35732    1.56241   -0.04388   -0.22870   -0.35816    1.56165    0.00084    0.00076    2853.92 3008896.75       0.00       2.94
  20.00000  1.0000000   32.50000  100.00000   -0.44897    1.45644   -0.05641   -0.30826   -0.45000    1.45551    0.00103    0.00093    2510.15 1800706.88       0.00      10.87
 -20.00000  1.0000000   35.00000  100.00000    0.44939    1.45815    0.05646    0.30819    0.45049    1.45715   -0.00110    0.00100    3765.36 9117307.00       0.00       0.16
 -15.00000  1.0000000   35.00000  100.00000    0.35769    1.56420    0.04393    0.22868    0.35856    1.56343   -0.00086    0.00077    2940.35 3390294.25       0.00       2.94
 -10.00000  1.0000000   35.00000  100.00000    0.24868    1.64395    0.03005    0.15127    0.24928    1.64333   -0.00060    0.00062    2986.71 3609245.75       0.00       2.49
  -5.00000  1.0000000   35.00000  100.00000    0.12747    1.69340    0.01526    0.07528    0.12779    1.69287   -0.00031    0.00053    2987.48 3612934.50       0.00       2.49
  -2.50000  1.0000000   35.00000  100.00000    0.06413    1.70597    0.00766    0.03759    0.06429    1.70545   -0.00016    0.00051    2975.04 3553143.50       0.00       2.60
   0.00000  1.0000000   35.00000  100.00000   -0.00000    1.71022   -0.00000   -0.00000   -0.00000    1.70965   -0.00000    0.00056    2974.03 3548346.25       0.00       2.60
   2.50000  1.0000000   35.00000  100.00000   -0.06413    1.70596   -0.00766   -0.03759   -0.06429    1.70545    0.00016    0.00051    2975.04 3553143.50       0.00       2.60
   5.00000  1.0000000   35.00000  100.00000   -0.12748    1.69340   -0.01526   -0.07528   -0.12779    1.69287    0.00031    0.00053    2987.48 3612934.50       0.00       2.49
  10.00000  1.0000000   35.00000  100.00000   -0.24868    1.64395   -0.03005   -0.15127   -0.24928    1.64333    0.00060    0.00062    2986.71 3609245.75       0.00       2.49
  15.00000  1.0000000   35.00000  100.00000   -0.35770    1.56420   -0.04393   -0.22868   -0.35856    1.56343    0.00086    0.00077    2940.35 3390294.25       0.00       2.94
  20.00000  1.0000000   35.00000  100.00000   -0.44943    1.45811   -0.05647   -0.30823   -0.45049    1.45715    0.00107    0.00096    2589.55 2039622.62       0.00      10.87


